37 0.7866666666666666 0.34 0.2 0.30666666666666664
37 0.6966666666666667 0.21 0.17666666666666667 0.26666666666666666
8 0.5533333333333333 0.41 0.2833333333333333 0.46
8 0.66 0.41 0.22 0.3
34 0.4 0.4166666666666667 0.15 0.23666666666666666
34 0.29 0.5433333333333333 0.16666666666666666 0.21333333333333335
34 0.15 0.44666666666666666 0.15 0.21
34 0.08333333333333333 0.5833333333333334 0.15666666666666668 0.2
34 0.18666666666666668 0.6833333333333333 0.19333333333333333 0.20333333333333334
34 0.27 0.84 0.16666666666666666 0.21333333333333335
34 0.3566666666666667 0.7 0.20666666666666667 0.20666666666666667
23 0.5333333333333333 0.6233333333333333 0.21333333333333335 0.2866666666666667
23 0.6533333333333333 0.79 0.29 0.3333333333333333
14 0.4533333333333333 0.8233333333333334 0.14333333333333334 0.1
14 0.44666666666666666 0.9066666666666666 0.15 0.11
5 0.8733333333333333 0.8466666666666667 0.22333333333333333 0.30333333333333334
5 0.8133333333333334 0.6066666666666667 0.14333333333333334 0.27666666666666667