6 0.64 0.24666666666666667 0.45666666666666667 0.4033333333333333
23 0.8333333333333334 0.74 0.21666666666666667 0.18666666666666668
23 0.6633333333333333 0.69 0.16 0.21
23 0.8 0.6466666666666666 0.16 0.13333333333333333
4 0.47 0.6633333333333333 0.13666666666666666 0.18
4 0.30666666666666664 0.6433333333333333 0.2 0.24
4 0.16666666666666666 0.58 0.21666666666666667 0.25
4 0.37 0.5766666666666667 0.18 0.13
34 0.22 0.31333333333333335 0.13 0.13
34 0.4 0.4 0.14333333333333334 0.12666666666666668
34 0.27666666666666667 0.43 0.15 0.12333333333333334
34 0.10666666666666667 0.38666666666666666 0.14666666666666667 0.18
34 0.31333333333333335 0.2966666666666667 0.09666666666666666 0.09333333333333334
8 0.6566666666666666 0.4666666666666667 0.44 0.13
8 0.66 0.51 0.17333333333333334 0.36
8 0.5933333333333334 0.5566666666666666 0.37333333333333335 0.14
8 0.7933333333333333 0.5533333333333333 0.22 0.11333333333333333