8 0.3 0.13333333333333333 0.5566666666666666 0.19
4 0.13333333333333333 0.3933333333333333 0.21 0.31666666666666665
4 0.2633333333333333 0.6633333333333333 0.3233333333333333 0.35333333333333333
4 0.43 0.3 0.23666666666666666 0.21333333333333335
23 0.5133333333333333 0.5266666666666666 0.22666666666666666 0.3233333333333333
6 0.8166666666666667 0.6266666666666667 0.36333333333333334 0.6633333333333333
6 0.74 0.2 0.41 0.39666666666666667
37 0.05333333333333334 0.62 0.10666666666666667 0.18333333333333332
37 0.25333333333333335 0.39666666666666667 0.12666666666666668 0.15666666666666668
37 0.37666666666666665 0.37 0.13666666666666666 0.18333333333333332
37 0.26666666666666666 0.25666666666666665 0.12 0.13666666666666666
37 0.58 0.36333333333333334 0.12333333333333334 0.14666666666666667