34 0.8033333333333333 0.6333333333333333 0.20666666666666667 0.21666666666666667
34 0.5866666666666667 0.6866666666666666 0.2 0.2
34 0.44333333333333336 0.77 0.15333333333333332 0.19
34 0.30666666666666664 0.7733333333333333 0.13333333333333333 0.1
34 0.3 0.68 0.18333333333333332 0.17
34 0.26 0.5166666666666667 0.20666666666666667 0.17666666666666667
34 0.4 0.4033333333333333 0.2 0.2
34 0.6033333333333334 0.32666666666666666 0.20333333333333334 0.20333333333333334
34 0.75 0.26 0.17666666666666667 0.17333333333333334
34 0.4766666666666667 0.21666666666666667 0.20666666666666667 0.17
34 0.2733333333333333 0.34 0.17666666666666667 0.18333333333333332
34 0.11 0.4533333333333333 0.19 0.21666666666666667
34 0.16333333333333333 0.6333333333333333 0.14 0.16666666666666666
34 0.5533333333333333 0.8333333333333334 0.11333333333333333 0.08
34 0.7233333333333334 0.7566666666666667 0.07333333333333333 0.08
34 0.9233333333333333 0.5233333333333333 0.12333333333333334 0.18666666666666668
34 0.78 0.45 0.20333333333333334 0.18333333333333332
34 0.6233333333333333 0.5133333333333333 0.19 0.14
34 0.44666666666666666 0.6033333333333334 0.19 0.2