5 0.34 0.5133333333333333 0.22666666666666666 0.2833333333333333
5 0.4266666666666667 0.32 0.11666666666666667 0.17333333333333334
5 0.22 0.22666666666666666 0.16333333333333333 0.22333333333333333
5 0.3466666666666667 0.16 0.15 0.18333333333333332
5 0.37666666666666665 0.8033333333333333 0.16666666666666666 0.25666666666666665
5 0.1 0.76 0.2 0.27666666666666667
5 0.72 0.54 0.16 0.35333333333333333
5 0.6366666666666667 0.22 0.19666666666666666 0.2866666666666667
5 0.7833333333333333 0.19 0.17 0.3433333333333333
5 0.8866666666666667 0.6633333333333333 0.17666666666666667 0.4266666666666667
5 0.6866666666666666 0.8433333333333334 0.23 0.31