5 0.4633333333333333 0.5566666666666666 0.16333333333333333 0.3
5 0.16666666666666666 0.53 0.16333333333333333 0.3466666666666667
5 0.35 0.4666666666666667 0.17666666666666667 0.29
37 0.85 0.5933333333333334 0.09333333333333334 0.15
37 0.73 0.65 0.09 0.14666666666666667
37 0.8266666666666667 0.5066666666666667 0.09333333333333334 0.11333333333333333
37 0.7266666666666667 0.49 0.07666666666666666 0.12
37 0.8633333333333333 0.44 0.07333333333333333 0.10666666666666667
37 0.8166666666666667 0.37666666666666665 0.06 0.08333333333333333
37 0.7466666666666667 0.33 0.06333333333333334 0.08333333333333333
37 0.7333333333333333 0.4 0.08 0.08666666666666667
10 0.7233333333333334 0.2733333333333333 0.36333333333333334 0.22333333333333333
10 0.6 0.35333333333333333 0.17666666666666667 0.31333333333333335