34 0.4166666666666667 0.74 0.13 0.24666666666666667
34 0.23333333333333334 0.75 0.17333333333333334 0.15333333333333332
34 0.30666666666666664 0.5866666666666667 0.16666666666666666 0.18333333333333332
34 0.3466666666666667 0.41333333333333333 0.14666666666666667 0.22666666666666666
34 0.5733333333333334 0.6633333333333333 0.11666666666666667 0.25
34 0.6633333333333333 0.5333333333333333 0.08666666666666667 0.23333333333333334
34 0.73 0.38666666666666666 0.10333333333333333 0.2
34 0.6266666666666667 0.33666666666666667 0.12333333333333334 0.22
34 0.4866666666666667 0.32666666666666666 0.14666666666666667 0.15666666666666668
34 0.5066666666666667 0.4766666666666667 0.16 0.2
34 0.71 0.5633333333333334 0.14333333333333334 0.19