23 0.9433333333333334 0.58 0.09666666666666666 0.17
23 0.8366666666666667 0.5866666666666667 0.10666666666666667 0.18
37 0.8 0.62 0.05 0.09
37 0.71 0.6966666666666667 0.05 0.1
37 0.7733333333333333 0.6966666666666667 0.06 0.09333333333333334
37 0.6666666666666666 0.6366666666666667 0.05333333333333334 0.07333333333333333
37 0.7533333333333333 0.5333333333333333 0.06 0.09333333333333334
37 0.58 0.36666666666666664 0.05 0.07333333333333333
37 0.58 0.45666666666666667 0.06 0.08
8 0.7266666666666667 0.13666666666666666 0.23666666666666666 0.056666666666666664
8 0.7266666666666667 0.17666666666666667 0.19666666666666666 0.06666666666666667
11 0.17 0.20666666666666667 0.05333333333333334 0.10333333333333333
11 0.13666666666666666 0.29 0.056666666666666664 0.07333333333333333
11 0.20333333333333334 0.29333333333333333 0.06666666666666667 0.10333333333333333
14 0.67 0.87 0.07333333333333333 0.14666666666666667
14 0.59 0.85 0.04 0.06333333333333334
14 0.5766666666666667 0.92 0.05 0.07