34 0.21333333333333335 0.24333333333333335 0.12666666666666668 0.20666666666666667
34 0.3566666666666667 0.25666666666666665 0.17666666666666667 0.21666666666666667
34 0.44 0.3 0.16 0.22666666666666666
23 0.36 0.44 0.16666666666666666 0.24333333333333335
4 0.49333333333333335 0.3933333333333333 0.14 0.2966666666666667
4 0.4 0.58 0.15 0.21666666666666667
4 0.5533333333333333 0.5533333333333333 0.16333333333333333 0.23666666666666666
4 0.5733333333333334 0.6966666666666667 0.15333333333333332 0.19666666666666666
8 0.2 0.49333333333333335 0.22333333333333333 0.24666666666666667
8 0.20666666666666667 0.6166666666666667 0.20333333333333334 0.20333333333333334
8 0.18 0.6966666666666667 0.23333333333333334 0.26666666666666666
8 0.21333333333333335 0.83 0.20666666666666667 0.29
34 0.2633333333333333 0.38333333333333336 0.15 0.25333333333333335
10 0.3566666666666667 0.65 0.14333333333333334 0.20333333333333334
10 0.33666666666666667 0.7333333333333333 0.13666666666666666 0.17
10 0.4666666666666667 0.6966666666666667 0.11666666666666667 0.15333333333333332
10 0.31333333333333335 0.8333333333333334 0.06 0.17333333333333334
10 0.4266666666666667 0.81 0.06 0.17333333333333334