11 0.23 0.5266666666666666 0.09666666666666666 0.13333333333333333
5 0.6233333333333333 0.4766666666666667 0.11333333333333333 0.23
23 0.31333333333333335 0.6833333333333333 0.11666666666666667 0.18
39 0.7366666666666667 0.49666666666666665 0.16333333333333333 0.23
37 0.13 0.45 0.07333333333333333 0.14333333333333334
23 0.2866666666666667 0.32666666666666666 0.03666666666666667 0.07
14 0.23666666666666666 0.25 0.006666666666666667 0.02666666666666667
14 0.2 0.24 0.013333333333333334 0.023333333333333334
14 0.21333333333333335 0.26666666666666666 0.01 0.023333333333333334
14 0.2 0.2966666666666667 0.01 0.023333333333333334
14 0.21333333333333335 0.32 0.006666666666666667 0.023333333333333334
14 0.19 0.31 0.006666666666666667 0.03666666666666667