23 0.7466666666666667 0.09 0.16333333333333333 0.17666666666666667
23 0.8133333333333334 0.20666666666666667 0.16666666666666666 0.15666666666666668
37 0.48 0.14 0.18666666666666668 0.25
37 0.6466666666666666 0.19333333333333333 0.18666666666666668 0.24
37 0.36333333333333334 0.2966666666666667 0.2 0.2866666666666667
37 0.30333333333333334 0.48333333333333334 0.19666666666666666 0.24
37 0.4866666666666667 0.5433333333333333 0.20333333333333334 0.26666666666666666
14 0.48333333333333334 0.7166666666666667 0.14333333333333334 0.15666666666666668
39 0.21 0.39666666666666667 0.41333333333333333 0.74
12 0.7033333333333334 0.65 0.32 0.69
12 0.8166666666666667 0.6933333333333334 0.36666666666666664 0.6133333333333333