8 0.45 0.7833333333333333 0.43333333333333335 0.25333333333333335
34 0.18666666666666668 0.5233333333333333 0.14333333333333334 0.15666666666666668
34 0.06 0.6266666666666667 0.11 0.15333333333333332
34 0.15666666666666668 0.72 0.17666666666666667 0.18333333333333332
23 0.7366666666666667 0.25 0.13 0.14333333333333334
23 0.7366666666666667 0.37333333333333335 0.13666666666666666 0.16666666666666666
23 0.9 0.36333333333333334 0.15 0.2
4 0.7666666666666667 0.7033333333333334 0.18 0.24333333333333335
4 0.81 0.5466666666666666 0.19666666666666666 0.25
6 0.15 0.29 0.27666666666666667 0.41333333333333333
6 0.39666666666666667 0.19333333333333333 0.42 0.34