10 0.42333333333333334 0.37666666666666665 0.2733333333333333 0.75
10 0.6866666666666666 0.6933333333333334 0.17333333333333334 0.6133333333333333
10 0.38666666666666666 0.78 0.44333333333333336 0.44
10 0.8633333333333333 0.19 0.2733333333333333 0.3
10 0.8566666666666667 0.6733333333333333 0.28 0.30333333333333334
10 0.3566666666666667 0.21333333333333335 0.26 0.4266666666666667
10 0.16666666666666666 0.31333333333333335 0.33 0.4266666666666667
10 0.2 0.54 0.32666666666666666 0.3933333333333333
10 0.19 0.12666666666666668 0.38 0.25
10 0.6033333333333334 0.27 0.11 0.31333333333333335
10 0.4866666666666667 0.41333333333333333 0.14333333333333334 0.5466666666666666
10 0.8866666666666667 0.35 0.22333333333333333 0.3466666666666667
10 0.84 0.08666666666666667 0.32 0.17