4 0.07333333333333333 0.22666666666666666 0.14666666666666667 0.33
4 0.25333333333333335 0.32 0.18666666666666668 0.36666666666666664
4 0.4533333333333333 0.4633333333333333 0.2 0.42333333333333334
4 0.6733333333333333 0.4666666666666667 0.18333333333333332 0.3566666666666667
4 0.4533333333333333 0.19666666666666666 0.19333333333333333 0.22666666666666666
4 0.61 0.1 0.16 0.2
4 0.8066666666666666 0.7133333333333334 0.16 0.22333333333333333
4 0.6233333333333333 0.8333333333333334 0.19 0.31333333333333335
4 0.2633333333333333 0.6933333333333334 0.20333333333333334 0.3566666666666667
4 0.07666666666666666 0.5766666666666667 0.15 0.3933333333333333
4 0.4533333333333333 0.94 0.11333333333333333 0.11666666666666667