10 0.31 0.7733333333333333 0.33 0.45
10 0.7266666666666667 0.7 0.25333333333333335 0.55
10 0.8633333333333333 0.4266666666666667 0.27 0.23666666666666666
10 0.53 0.21 0.3 0.42
10 0.4266666666666667 0.52 0.37666666666666665 0.33
10 0.24 0.12333333333333334 0.33666666666666667 0.24333333333333335
10 0.94 0.8066666666666666 0.10333333333333333 0.38666666666666666
10 0.8933333333333333 0.19333333333333333 0.21 0.38333333333333336
10 0.53 0.8366666666666667 0.18 0.3233333333333333
10 0.11 0.84 0.22 0.32
10 0.07333333333333333 0.5733333333333334 0.14333333333333334 0.2966666666666667
10 0.6966666666666667 0.19 0.26666666666666666 0.3466666666666667