8 0.29333333333333333 0.6933333333333334 0.2733333333333333 0.30666666666666664
34 0.42333333333333334 0.6333333333333333 0.14666666666666667 0.19
34 0.5666666666666667 0.7466666666666667 0.20666666666666667 0.19333333333333333
34 0.5566666666666666 0.59 0.15 0.18333333333333332
34 0.71 0.6833333333333333 0.17666666666666667 0.21666666666666667
23 0.7266666666666667 0.8633333333333333 0.13666666666666666 0.21666666666666667
23 0.87 0.8333333333333334 0.14333333333333334 0.2633333333333333
10 0.17333333333333334 0.3466666666666667 0.20666666666666667 0.26666666666666666
10 0.10666666666666667 0.4166666666666667 0.21333333333333335 0.24
4 0.8333333333333334 0.56 0.16333333333333333 0.21
4 0.82 0.43 0.15 0.19666666666666666
4 0.6933333333333334 0.36666666666666664 0.12333333333333334 0.17
4 0.7 0.49666666666666665 0.14333333333333334 0.19333333333333333