5 0.6466666666666666 0.41333333333333333 0.16333333333333333 0.16
8 0.5133333333333333 0.44 0.12 0.19333333333333333
8 0.44666666666666666 0.43 0.17333333333333334 0.12
37 0.5433333333333333 0.66 0.09333333333333334 0.07
37 0.52 0.61 0.1 0.056666666666666664
37 0.47 0.6666666666666666 0.08666666666666667 0.07333333333333333
37 0.4066666666666667 0.6533333333333333 0.09333333333333334 0.07666666666666666
37 0.44 0.62 0.07666666666666666 0.06666666666666667
37 0.2833333333333333 0.59 0.09333333333333334 0.05
37 0.18666666666666668 0.6233333333333333 0.09 0.07
37 0.35 0.61 0.06666666666666667 0.043333333333333335
37 0.32 0.65 0.10666666666666667 0.06666666666666667
37 0.37 0.6966666666666667 0.12 0.06666666666666667
37 0.28 0.7066666666666667 0.09333333333333334 0.05333333333333334
37 0.2966666666666667 0.7533333333333333 0.09 0.07
37 0.36666666666666664 0.76 0.09333333333333334 0.07333333333333333
39 0.05 0.6966666666666667 0.1 0.16