8 0.8233333333333334 0.62 0.12333333333333334 0.26
8 0.9333333333333333 0.64 0.13 0.2633333333333333
8 0.09 0.43 0.12666666666666668 0.24
5 0.7766666666666666 0.34 0.22333333333333333 0.19666666666666666
39 0.18333333333333332 0.62 0.33666666666666667 0.37333333333333335
37 0.33 0.3233333333333333 0.07666666666666666 0.043333333333333335
37 0.2833333333333333 0.36 0.07333333333333333 0.056666666666666664
37 0.4266666666666667 0.4033333333333333 0.08666666666666667 0.056666666666666664
37 0.47333333333333333 0.4166666666666667 0.06666666666666667 0.04666666666666667
37 0.41333333333333333 0.36333333333333334 0.07666666666666666 0.05333333333333334
37 0.3933333333333333 0.34 0.06333333333333334 0.05333333333333334
37 0.3566666666666667 0.38 0.05333333333333334 0.06333333333333334
37 0.46 0.34 0.043333333333333335 0.03666666666666667
37 0.5266666666666666 0.35 0.056666666666666664 0.056666666666666664
37 0.5833333333333334 0.37333333333333335 0.07666666666666666 0.05
37 0.4866666666666667 0.36666666666666664 0.08 0.043333333333333335