8 0.37333333333333335 0.55 0.31666666666666665 0.19
8 0.30666666666666664 0.5333333333333333 0.2866666666666667 0.20666666666666667
5 0.3566666666666667 0.67 0.2866666666666667 0.21
39 0.14666666666666667 0.5533333333333333 0.29333333333333333 0.3
37 0.7966666666666666 0.6133333333333333 0.1 0.07333333333333333
37 0.85 0.6766666666666666 0.07666666666666666 0.08333333333333333
37 0.7333333333333333 0.7066666666666667 0.10333333333333333 0.10666666666666667
37 0.73 0.7666666666666667 0.13333333333333333 0.08
37 0.67 0.8166666666666667 0.14666666666666667 0.09
37 0.79 0.8666666666666667 0.12 0.11
37 0.7033333333333334 0.8833333333333333 0.15666666666666668 0.10333333333333333