6 0.83 0.8033333333333333 0.12333333333333334 0.2
8 0.23 0.5133333333333333 0.1 0.12333333333333334
12 0.8333333333333334 0.4866666666666667 0.14666666666666667 0.10333333333333333
23 0.5633333333333334 0.48333333333333334 0.15 0.16666666666666666
23 0.47 0.44 0.14 0.14333333333333334
23 0.6 0.42333333333333334 0.13666666666666666 0.13333333333333333
12 0.7766666666666666 0.38 0.14 0.11333333333333333
12 0.6833333333333333 0.39666666666666667 0.11333333333333333 0.11666666666666667
6 0.6 0.7933333333333333 0.36 0.32666666666666666
8 0.35333333333333333 0.4633333333333333 0.13666666666666666 0.22333333333333333
8 0.30333333333333334 0.4766666666666667 0.19666666666666666 0.22333333333333333