8 0.6266666666666667 0.55 0.31666666666666665 0.19
8 0.6933333333333334 0.5333333333333333 0.2866666666666667 0.20666666666666667
5 0.6433333333333333 0.67 0.2866666666666667 0.21
39 0.8533333333333334 0.5533333333333333 0.29333333333333333 0.3
37 0.20333333333333334 0.6133333333333333 0.1 0.07333333333333333
37 0.15 0.6766666666666666 0.07666666666666666 0.08333333333333333
37 0.26666666666666666 0.7066666666666667 0.10333333333333333 0.10666666666666667
37 0.27 0.7666666666666667 0.13333333333333333 0.08
37 0.33 0.8166666666666667 0.14666666666666667 0.09
37 0.21 0.8666666666666667 0.12 0.11
37 0.2966666666666667 0.8833333333333333 0.15666666666666668 0.10333333333333333