5 0.7266666666666667 0.31 0.4033333333333333 0.3
39 0.7933333333333333 0.18666666666666668 0.41 0.33666666666666667
37 0.85 0.6466666666666666 0.15 0.10666666666666667
37 0.8166666666666667 0.74 0.14666666666666667 0.13
37 0.6866666666666666 0.7333333333333333 0.17 0.12333333333333334
37 0.24666666666666667 0.5866666666666667 0.16 0.11333333333333333
37 0.13666666666666666 0.5733333333333334 0.13 0.09666666666666666
37 0.29 0.6966666666666667 0.14 0.12333333333333334
37 0.18 0.6866666666666666 0.16666666666666666 0.12
37 0.07333333333333333 0.67 0.14666666666666667 0.13666666666666666
37 0.7366666666666667 0.63 0.14 0.11666666666666667