8 0.6 0.44666666666666666 0.5266666666666666 0.21333333333333335
8 0.48333333333333334 0.38333333333333336 0.4866666666666667 0.21333333333333335
37 0.47 0.16333333333333333 0.11333333333333333 0.06333333333333334
37 0.5133333333333333 0.21 0.10333333333333333 0.08333333333333333
37 0.3433333333333333 0.19666666666666666 0.10333333333333333 0.08
37 0.20666666666666667 0.19333333333333333 0.12333333333333334 0.06333333333333334
37 0.09333333333333334 0.18666666666666668 0.11666666666666667 0.08
37 0.19333333333333333 0.15666666666666668 0.10666666666666667 0.05333333333333334
37 0.29333333333333333 0.23666666666666666 0.12333333333333334 0.07333333333333333
37 0.2 0.25 0.09333333333333334 0.07333333333333333
37 0.42333333333333334 0.21333333333333335 0.1 0.09333333333333334