5 0.45666666666666667 0.25666666666666665 0.20333333333333334 0.15
8 0.41333333333333333 0.4166666666666667 0.2633333333333333 0.14
8 0.30666666666666664 0.32666666666666666 0.08 0.17666666666666667
8 0.82 0.5933333333333334 0.33666666666666667 0.17
39 0.38666666666666666 0.6466666666666666 0.3233333333333333 0.33
37 0.6966666666666667 0.33 0.06 0.05
37 0.74 0.43666666666666665 0.08333333333333333 0.04666666666666667
37 0.7466666666666667 0.4 0.06666666666666667 0.05333333333333334
37 0.6933333333333334 0.4 0.07 0.06666666666666667
37 0.6733333333333333 0.38333333333333336 0.06666666666666667 0.056666666666666664
37 0.82 0.44 0.08666666666666667 0.06666666666666667