8 0.8366666666666667 0.59 0.08666666666666667 0.1
8 0.73 0.54 0.12333333333333334 0.17666666666666667
8 0.7766666666666666 0.5633333333333334 0.19 0.18666666666666668
23 0.5533333333333333 0.5566666666666666 0.13666666666666666 0.14333333333333334
23 0.5133333333333333 0.5133333333333333 0.11333333333333333 0.12
23 0.6366666666666667 0.5233333333333333 0.11 0.12
6 0.5 0.8266666666666667 0.32 0.3
12 0.3333333333333333 0.5466666666666666 0.12333333333333334 0.08666666666666667
12 0.45 0.48 0.08333333333333333 0.1
12 0.37333333333333335 0.4666666666666667 0.10333333333333333 0.09
6 0.30333333333333334 0.82 0.08666666666666667 0.17