6 0.7166666666666667 0.30666666666666664 0.5133333333333333 0.4166666666666667
39 0.44 0.6266666666666667 0.62 0.16666666666666666
8 0.47333333333333333 0.52 0.45 0.12666666666666668
8 0.5433333333333333 0.5766666666666667 0.52 0.10666666666666667
37 0.04666666666666667 0.48333333333333334 0.09 0.08
37 0.09333333333333334 0.5333333333333333 0.11 0.09333333333333334
37 0.18 0.49 0.1 0.08
37 0.37333333333333335 0.27 0.1 0.08333333333333333
37 0.1 0.45666666666666667 0.1 0.08333333333333333
37 0.3933333333333333 0.35 0.1 0.09
37 0.47 0.30666666666666664 0.10333333333333333 0.08333333333333333