10 0.6133333333333333 0.1 0.75 0.17333333333333334
6 0.14 0.21666666666666667 0.28 0.43333333333333335
37 0.86 0.3233333333333333 0.07333333333333333 0.11
37 0.7933333333333333 0.39 0.08333333333333333 0.09333333333333334
37 0.8066666666666666 0.22666666666666666 0.07333333333333333 0.06
37 0.78 0.2633333333333333 0.09333333333333334 0.09666666666666666
37 0.7033333333333334 0.26 0.06333333333333334 0.07
37 0.7 0.32 0.08333333333333333 0.09666666666666666
37 0.76 0.3433333333333333 0.056666666666666664 0.11
8 0.73 0.52 0.4633333333333333 0.27
8 0.6066666666666667 0.5633333333333334 0.5466666666666666 0.2833333333333333
39 0.3566666666666667 0.73 0.7133333333333334 0.5