37 0.7866666666666666 0.33666666666666667 0.09 0.13666666666666666
37 0.6966666666666667 0.3 0.07666666666666666 0.11
37 0.77 0.7633333333333333 0.08333333333333333 0.12333333333333334
37 0.6866666666666666 0.44333333333333336 0.08333333333333333 0.12
37 0.7533333333333333 0.5266666666666666 0.07333333333333333 0.10666666666666667
37 0.7933333333333333 0.6366666666666667 0.07333333333333333 0.12333333333333334
37 0.8433333333333334 0.39666666666666667 0.056666666666666664 0.1
37 0.92 0.4633333333333333 0.09 0.1
37 0.16666666666666666 0.2633333333333333 0.08666666666666667 0.14
14 0.41333333333333333 0.15 0.12666666666666668 0.17333333333333334
14 0.8666666666666667 0.8933333333333333 0.07666666666666666 0.11