23 0.11 0.7433333333333333 0.13 0.19
23 0.15 0.6566666666666666 0.11 0.12666666666666668
23 0.88 0.7466666666666667 0.20666666666666667 0.22333333333333333
14 0.71 0.7166666666666667 0.16 0.31666666666666665
37 0.5566666666666666 0.8333333333333334 0.06 0.09666666666666666
37 0.6433333333333333 0.8233333333333334 0.08333333333333333 0.09
10 0.27 0.7166666666666667 0.18666666666666668 0.2733333333333333
6 0.42333333333333334 0.44333333333333336 0.20666666666666667 0.3233333333333333
37 0.42 0.58 0.056666666666666664 0.11
10 0.3333333333333333 0.7866666666666666 0.13 0.17666666666666667
37 0.5266666666666666 0.5633333333333334 0.09333333333333334 0.11333333333333333