12 0.5366666666666666 0.63 0.18666666666666668 0.21
12 0.06666666666666667 0.6533333333333333 0.11 0.2633333333333333
12 0.7 0.6633333333333333 0.17333333333333334 0.24
12 0.3433333333333333 0.8 0.14333333333333334 0.17
12 0.7333333333333333 0.87 0.18333333333333332 0.18
12 0.33 0.93 0.24666666666666667 0.12333333333333334
12 0.87 0.11333333333333333 0.13666666666666666 0.18
12 0.7766666666666666 0.25666666666666665 0.09333333333333334 0.18
12 0.8766666666666667 0.2733333333333333 0.10666666666666667 0.20333333333333334
12 0.49666666666666665 0.38 0.14 0.15333333333333332
12 0.64 0.4066666666666667 0.12666666666666668 0.17
12 0.8033333333333333 0.4266666666666667 0.1 0.2
12 0.9233333333333333 0.45 0.13333333333333333 0.2
12 0.31333333333333335 0.5666666666666667 0.18333333333333332 0.21