5 0.25 0.16666666666666666 0.20666666666666667 0.3
5 0.07 0.21666666666666667 0.14 0.26666666666666666
23 0.7 0.25 0.13333333333333333 0.22666666666666666
37 0.04666666666666667 0.43666666666666665 0.08 0.09
37 0.043333333333333335 0.5666666666666667 0.08666666666666667 0.15666666666666668
37 0.13333333333333333 0.5133333333333333 0.08 0.13
37 0.13 0.4 0.08666666666666667 0.10333333333333333
37 0.21 0.43666666666666665 0.09666666666666666 0.11
37 0.2733333333333333 0.3933333333333333 0.09666666666666666 0.12
37 0.4 0.33 0.08333333333333333 0.13
37 0.20666666666666667 0.3433333333333333 0.08666666666666667 0.1
14 0.51 0.35333333333333333 0.11666666666666667 0.17666666666666667
14 0.5633333333333334 0.2 0.10666666666666667 0.16