5 0.28 0.38 0.33666666666666667 0.59
6 0.73 0.42 0.5333333333333333 0.5666666666666667
23 0.7166666666666667 0.6533333333333333 0.36 0.28
23 0.49666666666666665 0.64 0.32 0.3233333333333333
10 0.19 0.6533333333333333 0.38 0.37666666666666665
37 0.89 0.7366666666666667 0.12666666666666668 0.17333333333333334
37 0.77 0.8 0.12666666666666668 0.16666666666666666
37 0.61 0.7566666666666667 0.12333333333333334 0.13333333333333333
37 0.5933333333333334 0.84 0.12666666666666668 0.17333333333333334
37 0.44666666666666666 0.85 0.15666666666666668 0.18
37 0.36666666666666664 0.8 0.12 0.19333333333333333