5 0.6 0.44333333333333336 0.23666666666666666 0.35333333333333333
5 0.34 0.5033333333333333 0.16666666666666666 0.3
5 0.4633333333333333 0.7133333333333334 0.22333333333333333 0.32666666666666666
5 0.72 0.69 0.17 0.29333333333333333
5 0.78 0.45666666666666667 0.12666666666666668 0.21333333333333335
5 0.7266666666666667 0.26 0.15666666666666668 0.24666666666666667
5 0.5966666666666667 0.16 0.15 0.2
5 0.49 0.16333333333333333 0.14666666666666667 0.19
5 0.36 0.2633333333333333 0.14666666666666667 0.19666666666666666
5 0.056666666666666664 0.33666666666666667 0.11333333333333333 0.21333333333333335
5 0.28 0.8566666666666667 0.18333333333333332 0.25
5 0.11333333333333333 0.8033333333333333 0.11 0.18666666666666668
5 0.17333333333333334 0.5233333333333333 0.12 0.17666666666666667