37 0.44666666666666666 0.3466666666666667 0.15 0.25666666666666665
37 0.38666666666666666 0.8533333333333334 0.23333333333333334 0.29
37 0.4533333333333333 0.6033333333333334 0.15333333333333332 0.25
37 0.61 0.11333333333333333 0.15666666666666668 0.22333333333333333
37 0.58 0.49666666666666665 0.13666666666666666 0.18
37 0.5833333333333334 0.2966666666666667 0.11333333333333333 0.16333333333333333
10 0.11333333333333333 0.5666666666666667 0.22333333333333333 0.42
10 0.27666666666666667 0.4033333333333333 0.3233333333333333 0.24333333333333335
10 0.33666666666666667 0.17666666666666667 0.12333333333333334 0.35333333333333333
5 0.59 0.7433333333333333 0.23 0.30333333333333334
5 0.7333333333333333 0.8866666666666667 0.18333333333333332 0.22666666666666666
39 0.9233333333333333 0.4066666666666667 0.15 0.36
39 0.89 0.5 0.21666666666666667 0.5033333333333333
12 0.7933333333333333 0.5366666666666666 0.18 0.6233333333333333
12 0.6833333333333333 0.5 0.11 0.6266666666666667