39 0.25666666666666665 0.46 0.37666666666666665 0.7933333333333333
39 0.37 0.1 0.2966666666666667 0.14
39 0.075 0.2966666666666667 0.15 0.18666666666666668
37 0.9233333333333333 0.3 0.15333333333333332 0.13666666666666666
37 0.7566666666666667 0.16333333333333333 0.11666666666666667 0.08
37 0.5633333333333334 0.29333333333333333 0.12666666666666668 0.1
37 0.57 0.19666666666666666 0.13666666666666666 0.09333333333333334
37 0.6033333333333334 0.15 0.09666666666666666 0.07666666666666666
37 0.7366666666666667 0.2866666666666667 0.12 0.08
37 0.6633333333333333 0.32 0.12333333333333334 0.10666666666666667
37 0.48333333333333334 0.24333333333333335 0.10333333333333333 0.09
37 0.4766666666666667 0.14666666666666667 0.13333333333333333 0.11666666666666667